100
132.23648858143872 -3.8382611046954196
207.77445647408632 -20.7623760176387
153.5314181838324 -16.708443062358583
190.32273818931998 -32.8311182745195
184.69482417610777 -34.463274217243054
184.21924169580996 -41.20914805892434
79.68898408081748 -21.530816403569958
98.5365237845977 -37.1535816685965
180.03782325582534 -75.1484530580619
102.36384457111245 -43.60694553431722
135.4023463253714 -59.82980054174115
165.97535576287726 -76.28875584121263
164.5954092466447 -78.8431593801397
115.55554866704091 -105.60040570485151
103.42821964022284 -101.62797967953824
95.85220140278108 -94.67561425039105
84.57192394637735 -105.64809276358855
142.21001845103615 -205.67752757870838
120.87465008674423 -249.37694732871574
62.27159285940451 -140.73477354489904
57.583694113722856 -202.13931370129856
61.05782962948496 -235.06305256635346
40.76721088746547 -171.2694394649395
45.68259280565303 -193.17327754787988
38.27874622724863 -245.96336762690558
16.318661424535208 -185.65188976056305
15.977081728724613 -201.03125720683678
2.4656167335860744 -147.1424251206237
-17.573320154230288 -242.67330944728428
-24.119628414837393 -167.0301466749446
-22.1954074518207 -114.60364142543162
-25.17202883067671 -143.20694531437147
-37.119824950113525 -169.7419648138187
-40.59489893953727 -163.34503669215178
-100.16908949288745 -201.76565710298195
-91.11368485548815 -143.48008185329985
-133.49448495469247 -195.6877269676116
-42.092243027989184 -45.39061404174461
-193.12151436646553 -246.02793738412194
-212.853348788078 -208.64511014763903
-185.5775032120336 -173.1014101134805
-213.31948511220244 -151.43783519282167
-192.58019602598281 -123.57024215956969
-141.7819660581851 -74.85472496058875
-165.67279864243676 -52.84623764601386
-190.1197239399579 -52.28805820805087
-61.27481113612754 -1.4124626916188276
-222.63534275363344 9.694393097707518
-194.81431722062925 24.346138794798208
-241.38539291556137 36.046768749957664
-130.60394099202728 30.699323609705573
-173.4875522753369 43.03117677489007
-200.74408464425252 49.908624546297915
-141.04174150961933 44.165377578340326
-92.26161666470779 30.87694075479135
-200.22695289822462 71.10207012464696
-209.78439600058897 87.99456092248909
-42.550333855024604 21.123545355510828
-142.67766413953194 68.59247581989143
-247.45033739340678 132.04114895007388
-221.24039336767814 149.57235777193102
-140.41458083655021 112.82602610499117
-238.45080182766486 209.40138033417009
-136.4675725111758 129.20786081201203
-246.8991511323278 248.38718136757518
-231.79871884992875 243.70014501891467
-182.67685357538642 213.23577720623382
-144.3552029313664 186.25563101147162
-153.70582050043924 214.76228485931892
-37.03016515771796 46.150189538143024
-126.2840763212385 184.45737160946055
-60.17768301015653 110.94597422323596
-38.088778367117555 71.3123646412696
-46.33340368225254 143.95663869324636
-17.563190381158847 209.3278743250329
7.486551240376514 242.11617395886395
8.880064570800528 194.37431634378328
20.085317340007407 131.3662004187549
35.16731180022168 176.01850174675957
47.659463816126674 182.3553635554702
38.66831735887126 141.8750997660614
67.47018215644982 217.09525181324278
39.149971084399624 136.68116335115099
61.15844301975005 185.8025970566688
71.7978955059113 138.32855497926062
109.86205037169543 175.06738452951106
177.708587724734 215.73577105326416
185.85419255183547 214.6990559500083
111.23842150449178 120.88461624527264
223.69214893233675 196.38818025195297
123.88208986554929 102.14497847015298
37.395525231621036 40.082706489760426
97.83746653398168 78.78329948313592
235.31654720308097 145.27608636385207
100.7323912308496 54.469702536408874
1.0315339859474761 9.849108510787005
121.79479504319329 50.26217690818123
214.9209329308274 64.93371833113696
133.78133269920005 38.585873955328054
70.66211028923016 16.750089570396597
