157
132.236 -3.83826 207.774 -20.7624
207.774 -20.7624 153.531 -16.7084
153.531 -16.7084 190.323 -32.8311
190.323 -32.8311 184.695 -34.4633
184.695 -34.4633 184.219 -41.2091
184.219 -41.2091 79.689 -21.5308
79.689 -21.5308 98.5365 -37.1536
98.5365 -37.1536 180.038 -75.1485
180.038 -75.1485 102.364 -43.6069
102.364 -43.6069 135.402 -59.8298
135.402 -59.8298 165.975 -76.2888
165.975 -76.2888 164.595 -78.8432
164.595 -78.8432 115.556 -105.6
115.556 -105.6 103.428 -101.628
103.428 -101.628 95.8522 -94.6756
95.8522 -94.6756 84.5719 -105.648
84.5719 -105.648 142.21 -205.678
142.21 -205.678 120.875 -249.377
120.875 -249.377 62.2716 -140.735
62.2716 -140.735 57.5837 -202.139
57.5837 -202.139 61.0578 -235.063
61.0578 -235.063 40.7672 -171.269
40.7672 -171.269 45.6826 -193.173
45.6826 -193.173 38.2787 -245.963
38.2787 -245.963 16.3187 -185.652
16.3187 -185.652 15.9771 -201.031
15.9771 -201.031 2.46562 -147.142
2.46562 -147.142 -17.5733 -242.673
-17.5733 -242.673 -24.1196 -167.03
-24.1196 -167.03 -22.1954 -114.604
-22.1954 -114.604 -25.172 -143.207
-25.172 -143.207 -37.1198 -169.742
-37.1198 -169.742 -40.5949 -163.345
-40.5949 -163.345 -100.169 -201.766
-100.169 -201.766 -91.1137 -143.48
-91.1137 -143.48 -133.494 -195.688
-133.494 -195.688 -42.0922 -45.3906
-42.0922 -45.3906 -193.122 -246.028
-193.122 -246.028 -212.853 -208.645
-212.853 -208.645 -185.578 -173.101
-185.578 -173.101 -213.319 -151.438
-213.319 -151.438 -192.58 -123.57
-192.58 -123.57 -141.782 -74.8547
-141.782 -74.8547 -165.673 -52.8462
-165.673 -52.8462 -190.12 -52.2881
-190.12 -52.2881 -61.2748 -1.41246
-61.2748 -1.41246 -222.635 9.69439
-222.635 9.69439 -194.814 24.3461
-194.814 24.3461 -241.385 36.0468
-241.385 36.0468 -130.604 30.6993
-130.604 30.6993 -173.488 43.0312
-173.488 43.0312 -200.744 49.9086
-200.744 49.9086 -141.042 44.1654
-141.042 44.1654 -92.2616 30.8769
-92.2616 30.8769 -200.227 71.1021
-200.227 71.1021 -209.784 87.9946
-209.784 87.9946 -42.5503 21.1235
-42.5503 21.1235 -142.678 68.5925
-142.678 68.5925 -247.45 132.041
-247.45 132.041 -221.24 149.572
-221.24 149.572 -140.415 112.826
-140.415 112.826 -238.451 209.401
-238.451 209.401 -136.468 129.208
-136.468 129.208 -246.899 248.387
-246.899 248.387 -231.799 243.7
-231.799 243.7 -182.677 213.236
-182.677 213.236 -144.355 186.256
-144.355 186.256 -153.706 214.762
-153.706 214.762 -37.0302 46.1502
-37.0302 46.1502 -126.284 184.457
-126.284 184.457 -60.1777 110.946
-60.1777 110.946 -38.0888 71.3124
-38.0888 71.3124 -46.3334 143.957
-46.3334 143.957 -17.5632 209.328
-17.5632 209.328 7.48655 242.116
7.48655 242.116 8.88006 194.374
8.88006 194.374 20.0853 131.366
20.0853 131.366 35.1673 176.019
35.1673 176.019 47.6595 182.355
47.6595 182.355 38.6683 141.875
38.6683 141.875 67.4702 217.095
67.4702 217.095 39.15 136.681
39.15 136.681 61.1584 185.803
61.1584 185.803 71.7979 138.329
71.7979 138.329 109.862 175.067
109.862 175.067 177.709 215.736
177.709 215.736 185.854 214.699
185.854 214.699 111.238 120.885
111.238 120.885 223.692 196.388
223.692 196.388 123.882 102.145
123.882 102.145 37.3955 40.0827
37.3955 40.0827 97.8375 78.7833
97.8375 78.7833 235.317 145.276
235.317 145.276 100.732 54.4697
100.732 54.4697 1.03153 9.84911
1.03153 9.84911 121.795 50.2622
121.795 50.2622 214.921 64.9337
214.921 64.9337 133.781 38.5859
133.781 38.5859 70.6621 16.7501
70.6621 16.7501 132.236 -3.83826
153.531 -16.7084 132.236 -3.83826
184.695 -34.4633 153.531 -16.7084
79.689 -21.5308 184.695 -34.4633
102.364 -43.6069 98.5365 -37.1536
95.8522 -94.6756 102.364 -43.6069
62.2716 -140.735 84.5719 -105.648
40.7672 -171.269 57.5837 -202.139
16.3187 -185.652 40.7672 -171.269
2.46562 -147.142 16.3187 -185.652
-22.1954 -114.604 2.46562 -147.142
-40.5949 -163.345 -22.1954 -114.604
-91.1137 -143.48 -40.5949 -163.345
-42.0922 -45.3906 -91.1137 -143.48
-185.578 -173.101 -42.0922 -45.3906
-141.782 -74.8547 -185.578 -173.101
-61.2748 -1.41246 -165.673 -52.8462
-194.814 24.3461 -61.2748 -1.41246
-130.604 30.6993 -194.814 24.3461
-92.2616 30.8769 -173.488 43.0312
-42.5503 21.1235 -92.2616 30.8769
-140.415 112.826 -42.5503 21.1235
-136.468 129.208 -140.415 112.826
-144.355 186.256 -136.468 129.208
-37.0302 46.1502 -144.355 186.256
-38.0888 71.3124 -37.0302 46.1502
8.88006 194.374 -38.0888 71.3124
38.6683 141.875 20.0853 131.366
39.15 136.681 38.6683 141.875
71.7979 138.329 39.15 136.681
111.238 120.885 71.7979 138.329
37.3955 40.0827 111.238 120.885
1.03153 9.84911 37.3955 40.0827
133.781 38.5859 1.03153 9.84911
153.531 -16.7084 70.6621 16.7501
79.689 -21.5308 153.531 -16.7084
84.5719 -105.648 79.689 -21.5308
40.7672 -171.269 62.2716 -140.735
2.46562 -147.142 40.7672 -171.269
-42.0922 -45.3906 -22.1954 -114.604
-141.782 -74.8547 -42.0922 -45.3906
-61.2748 -1.41246 -141.782 -74.8547
-130.604 30.6993 -61.2748 -1.41246
-42.5503 21.1235 -130.604 30.6993
-136.468 129.208 -42.5503 21.1235
-37.0302 46.1502 -136.468 129.208
20.0853 131.366 -37.0302 46.1502
39.15 136.681 20.0853 131.366
1.03153 9.84911 39.15 136.681
70.6621 16.7501 1.03153 9.84911
79.689 -21.5308 70.6621 16.7501
-42.0922 -45.3906 79.689 -21.5308
-61.2748 -1.41246 -42.0922 -45.3906
-42.5503 21.1235 -61.2748 -1.41246
-37.0302 46.1502 -42.5503 21.1235
1.03153 9.84911 -37.0302 46.1502
-61.2748 -1.41246 1.03153 9.84911
1.03153 9.84911 -42.5503 21.1235