294
-57.6251 -30.2163 -56.2909 -28.8528
-56.2909 -28.8528 -55.1623 -27.8819
-55.1623 -27.8819 -54.4907 -27.4748
-54.4907 -27.4748 -53.6487 -26.9235
-53.6487 -26.9235 -53.6283 -26.1249
-53.6283 -26.1249 -54.13 -25.5476
-54.13 -25.5476 -54.6253 -25.7393
-54.6253 -25.7393 -54.4289 -25.1622
-54.4289 -25.1622 -54.2935 -24.5708
-54.2935 -24.5708 -54.293 -24.021
-54.293 -24.021 -54.6528 -23.8396
-54.6528 -23.8396 -55.0279 -24.0013
-55.0279 -24.0013 -55.4007 -23.9569
-55.4007 -23.9569 -55.5176 -23.572
-55.5176 -23.572 -55.6107 -22.6556
-55.6107 -22.6556 -55.798 -22.3569
-55.798 -22.3569 -56.4733 -22.0863
-56.4733 -22.0863 -56.8815 -22.2822
-56.8815 -22.2822 -57.9372 -22.0902
-57.9372 -22.0902 -57.8707 -20.7327
-57.8707 -20.7327 -58.1664 -20.1767
-58.1664 -20.1767 -57.8538 -19.97
-57.8538 -19.97 -57.95 -19.4
-57.95 -19.4 -57.676 -18.9618
-57.676 -18.9618 -57.4984 -18.1742
-57.4984 -18.1742 -57.7346 -17.5525
-57.7346 -17.5525 -58.2808 -17.2717
-58.2808 -17.2717 -58.3881 -16.8771
-58.3881 -16.8771 -58.2412 -16.2996
-58.2412 -16.2996 -60.1584 -16.2583
-60.1584 -16.2583 -60.543 -15.0939
-60.543 -15.0939 -60.2511 -15.0772
-60.2511 -15.0772 -60.2643 -14.646
-60.2643 -14.646 -60.4592 -14.354
-60.4592 -14.354 -60.5033 -13.776
-60.5033 -13.776 -61.0841 -13.4794
-61.0841 -13.4794 -61.7132 -13.4892
-61.7132 -13.4892 -62.1271 -13.1988
-62.1271 -13.1988 -62.8031 -13.0007
-62.8031 -13.0007 -63.1965 -12.627
-63.1965 -12.627 -64.3164 -12.462
-64.3164 -12.462 -65.4023 -11.5663
-65.4023 -11.5663 -65.3219 -10.8959
-65.3219 -10.8959 -65.4448 -10.5115
-65.4448 -10.5115 -65.3384 -9.76199
-65.3384 -9.76199 -66.6469 -9.93133
-66.6469 -9.93133 -67.1738 -10.3068
-67.1738 -10.3068 -68.0482 -10.7121
-68.0482 -10.7121 -68.2713 -11.0145
-68.2713 -11.0145 -68.7862 -11.0364
-68.7862 -11.0364 -69.5297 -10.9517
-69.5297 -10.9517 -70.0938 -11.124
-70.0938 -11.124 -70.5487 -11.0091
-70.5487 -11.0091 -70.4819 -9.49012
-70.4819 -9.49012 -71.3024 -10.0794
-71.3024 -10.0794 -72.1849 -10.0536
-72.1849 -10.0536 -72.563 -9.52019
-72.563 -9.52019 -73.2267 -9.46221
-73.2267 -9.46221 -73.0154 -9.03283
-73.0154 -9.03283 -73.5711 -8.42445
-73.5711 -8.42445 -73.9872 -7.52383
-73.9872 -7.52383 -73.7234 -7.341
-73.7234 -7.341 -73.7245 -6.91859
-73.7245 -6.91859 -73.12 -6.62993
-73.12 -6.62993 -73.2197 -6.08919
-73.2197 -6.08919 -72.9645 -5.74125
-72.9645 -5.74125 -72.8919 -5.27456
-72.8919 -5.27456 -71.7484 -4.59398
-71.7484 -4.59398 -70.9288 -4.40159
-70.9288 -4.40159 -70.7948 -4.25127
-70.7948 -4.25127 -69.8936 -4.29819
-69.8936 -4.29819 -69.4441 -1.55629
-69.4441 -1.55629 -69.4205 -1.12262
-69.4205 -1.12262 -69.5771 -0.549992
-69.5771 -0.549992 -70.0207 -0.185156
-70.0207 -0.185156 -70.0156 0.541414
-70.0156 0.541414 -69.4524 0.706159
-69.4524 0.706159 -69.2524 0.602651
-69.2524 0.602651 -69.2186 0.985677
-69.2186 0.985677 -69.8046 1.08908
-69.8046 1.08908 -69.817 1.7148
-69.817 1.7148 -67.8686 1.69246
-67.8686 1.69246 -67.5378 2.03716
-67.5378 2.03716 -67.26 1.72
-67.26 1.72 -67.065 1.13011
-67.065 1.13011 -66.8763 1.25336
-66.8763 1.25336 -66.3258 0.724452
-66.3258 0.724452 -65.5483 0.789254
-65.5483 0.789254 -65.3547 1.09528
-65.3547 1.09528 -64.611 1.32873
-64.611 1.32873 -64.1993 1.49286
-64.1993 1.49286 -64.0831 1.91637
-64.0831 1.91637 -63.3688 2.2009
-63.3688 2.2009 -63.4229 2.41107
-63.4229 2.41107 -64.27 2.49701
-64.27 2.49701 -64.4088 3.12679
-64.4088 3.12679 -64.3685 3.79721
-64.3685 3.79721 -64.8161 4.05645
-64.8161 4.05645 -64.6287 4.14848
-64.6287 4.14848 -63.8883 4.02053
-63.8883 4.02053 -63.0932 3.77057
-63.0932 3.77057 -62.8045 4.00697
-62.8045 4.00697 -62.0854 4.16212
-62.0854 4.16212 -60.9669 4.53647
-60.9669 4.53647 -60.6012 4.9181
-60.6012 4.9181 -60.7336 5.20028
-60.7336 5.20028 -60.2137 5.24449
-60.2137 5.24449 -59.981 5.01406
-59.981 5.01406 -60.111 4.57497
-60.111 4.57497 -59.7674 4.4235
-59.7674 4.4235 -59.538 3.9588
-59.538 3.9588 -59.8154 3.6065
-59.8154 3.6065 -59.9745 2.75523
-59.9745 2.75523 -59.7185 2.24963
-59.7185 2.24963 -59.646 1.78689
-59.646 1.78689 -59.0309 1.3177
-59.0309 1.3177 -58.54 1.26809
-58.54 1.26809 -58.4295 1.46394
-58.4295 1.46394 -58.1135 1.5072
-58.1135 1.5072 -57.661 1.68258
-57.661 1.68258 -57.3358 1.94854
-57.3358 1.94854 -56.7827 1.86371
-56.7827 1.86371 -56.5394 1.89952
-56.5394 1.89952 -55.9957 1.81767
-55.9957 1.81767 -55.9056 2.022
-55.9056 2.022 -56.0733 2.22079
-56.0733 2.22079 -55.9733 2.51036
-55.9733 2.51036 -55.5698 2.42151
-55.5698 2.42151 -55.0976 2.52375
-55.0976 2.52375 -54.5248 2.31185
-54.5248 2.31185 -54.0881 2.10556
-54.0881 2.10556 -53.7785 2.3767
-53.7785 2.3767 -53.5548 2.3349
-53.5548 2.3349 -53.4185 2.05339
-53.4185 2.05339 -52.9397 2.12486
-52.9397 2.12486 -52.5564 2.5047
-52.5564 2.5047 -52.2493 3.24109
-52.2493 3.24109 -51.6578 4.15623
-51.6578 4.15623 -51.3171 4.20349
-51.3171 4.20349 -51.0698 3.6504
-51.0698 3.6504 -50.5089 1.90156
-50.5089 1.90156 -49.9741 1.73648
-49.9741 1.73648 -49.9471 1.04619
-49.9471 1.04619 -50.6993 0.222984
-50.6993 0.222984 -50.3882 -0.078445
-50.3882 -0.078445 -48.6206 -0.235489
-48.6206 -0.235489 -48.5845 -1.23781
-48.5845 -1.23781 -47.825 -0.581618
-47.825 -0.581618 -46.5666 -0.941028
-46.5666 -0.941028 -44.9057 -1.55174
-44.9057 -1.55174 -44.4176 -2.13775
-44.4176 -2.13775 -44.5816 -2.69131
-44.5816 -2.69131 -43.4188 -2.38311
-43.4188 -2.38311 -41.4727 -2.91202
-41.4727 -2.91202 -39.9787 -2.87305
-39.9787 -2.87305 -38.5004 -3.70065
-38.5004 -3.70065 -37.2233 -4.82095
-37.2233 -4.82095 -36.4529 -5.1094
-36.4529 -5.1094 -35.5978 -5.1495
-35.5978 -5.1495 -35.2354 -5.46494
-35.2354 -5.46494 -34.896 -6.73819
-34.896 -6.73819 -34.73 -7.34322
-34.73 -7.34322 -35.1282 -8.9964
-35.1282 -8.9964 -35.637 -9.64928
-35.637 -9.64928 -37.0465 -11.0407
-37.0465 -11.0407 -37.6836 -12.1712
-37.6836 -12.1712 -38.4239 -13.0381
-38.4239 -13.0381 -38.6739 -13.0577
-38.6739 -13.0577 -38.9533 -13.7934
-38.9533 -13.7934 -38.8823 -15.6671
-38.8823 -15.6671 -39.1611 -17.2084
-39.1611 -17.2084 -39.2673 -17.8677
-39.2673 -17.8677 -39.5835 -18.2623
-39.5835 -18.2623 -39.7608 -19.5991
-39.7608 -19.5991 -40.7747 -20.9045
-40.7747 -20.9045 -40.9448 -21.9373
-40.9448 -21.9373 -41.7542 -22.3707
-41.7542 -22.3707 -41.9883 -22.9701
-41.9883 -22.9701 -43.0747 -22.9677
-43.0747 -22.9677 -44.6478 -23.352
-44.6478 -23.352 -45.3521 -23.7968
-45.3521 -23.7968 -46.4721 -24.089
-46.4721 -24.089 -47.649 -24.8852
-47.649 -24.8852 -48.4955 -25.877
-48.4955 -25.877 -48.641 -26.6237
-48.641 -26.6237 -48.4747 -27.1759
-48.4747 -27.1759 -48.6615 -28.1861
-48.6615 -28.1861 -48.8885 -28.6741
-48.8885 -28.6741 -49.5873 -29.2245
-49.5873 -29.2245 -50.6969 -30.9845
-50.6969 -30.9845 -51.5762 -31.7777
-51.5762 -31.7777 -52.2561 -32.2454
-52.2561 -32.2454 -52.7121 -33.1966
-52.7121 -33.1966 -53.3737 -33.7684
-53.3737 -33.7684 -53.6505 -33.202
-53.6505 -33.202 -53.2096 -32.7277
-53.2096 -32.7277 -53.788 -32.0472
-53.788 -32.0472 -54.5725 -31.4945
-54.5725 -31.4945 -55.6015 -30.8539
-55.6015 -30.8539 -55.9732 -30.8831
-55.9732 -30.8831 -57.6251 -30.2163
-54.4907 -27.4748 -57.6251 -30.2163
-54.4289 -25.1622 -54.13 -25.5476
-55.6107 -22.6556 -54.6528 -23.8396
-57.8707 -20.7327 -56.4733 -22.0863
-57.8538 -19.97 -57.8707 -20.7327
-57.676 -18.9618 -57.8538 -19.97
-58.2412 -16.2996 -57.7346 -17.5525
-60.2511 -15.0772 -58.2412 -16.2996
-60.5033 -13.776 -60.2643 -14.646
-62.1271 -13.1988 -61.0841 -13.4794
-63.1965 -12.627 -62.1271 -13.1988
-65.3219 -10.8959 -63.1965 -12.627
-65.3384 -9.76199 -65.3219 -10.8959
-68.0482 -10.7121 -66.6469 -9.93133
-69.5297 -10.9517 -68.0482 -10.7121
-70.4819 -9.49012 -69.5297 -10.9517
-72.563 -9.52019 -70.4819 -9.49012
-73.0154 -9.03283 -72.563 -9.52019
-73.7234 -7.341 -73.0154 -9.03283
-73.12 -6.62993 -73.7234 -7.341
-72.9645 -5.74125 -73.12 -6.62993
-70.9288 -4.40159 -72.9645 -5.74125
-69.8936 -4.29819 -70.9288 -4.40159
-69.2524 0.602651 -69.5771 -0.549992
-67.8686 1.69246 -69.2186 0.985677
-67.065 1.13011 -67.8686 1.69246
-66.3258 0.724452 -67.065 1.13011
-64.611 1.32873 -65.5483 0.789254
-63.3688 2.2009 -64.1993 1.49286
-64.3685 3.79721 -63.4229 2.41107
-63.0932 3.77057 -64.3685 3.79721
-62.0854 4.16212 -63.0932 3.77057
-60.111 4.57497 -60.6012 4.9181
-59.8154 3.6065 -60.111 4.57497
-59.646 1.78689 -59.9745 2.75523
-58.1135 1.5072 -58.54 1.26809
-56.7827 1.86371 -57.661 1.68258
-55.9957 1.81767 -56.7827 1.86371
-55.5698 2.42151 -55.9056 2.022
-54.0881 2.10556 -55.5698 2.42151
-53.4185 2.05339 -54.0881 2.10556
-50.5089 1.90156 -52.5564 2.5047
-50.6993 0.222984 -50.5089 1.90156
-48.5845 -1.23781 -50.3882 -0.078445
-44.5816 -2.69131 -48.5845 -1.23781
-41.4727 -2.91202 -44.5816 -2.69131
-37.2233 -4.82095 -41.4727 -2.91202
-34.896 -6.73819 -36.4529 -5.1094
-37.0465 -11.0407 -34.896 -6.73819
-38.6739 -13.0577 -37.0465 -11.0407
-39.1611 -17.2084 -38.9533 -13.7934
-39.5835 -18.2623 -39.1611 -17.2084
-40.7747 -20.9045 -39.5835 -18.2623
-41.7542 -22.3707 -40.7747 -20.9045
-43.0747 -22.9677 -41.7542 -22.3707
-46.4721 -24.089 -44.6478 -23.352
-49.5873 -29.2245 -48.641 -26.6237
-52.2561 -32.2454 -49.5873 -29.2245
-53.2096 -32.7277 -52.2561 -32.2454
-53.6487 -26.9235 -55.6015 -30.8539
-54.2935 -24.5708 -53.6283 -26.1249
-55.798 -22.3569 -54.293 -24.021
-57.4984 -18.1742 -55.798 -22.3569
-60.2643 -14.646 -58.2412 -16.2996
-65.3384 -9.76199 -61.0841 -13.4794
-70.4819 -9.49012 -66.6469 -9.93133
-73.12 -6.62993 -70.4819 -9.49012
-69.2524 0.602651 -69.4205 -1.12262
-67.065 1.13011 -69.2524 0.602651
-63.0932 3.77057 -63.4229 2.41107
-60.9669 4.53647 -63.0932 3.77057
-59.9745 2.75523 -60.9669 4.53647
-55.9957 1.81767 -58.54 1.26809
-54.0881 2.10556 -55.9957 1.81767
-50.6993 0.222984 -52.9397 2.12486
-38.6739 -13.0577 -37.2233 -4.82095
-44.6478 -23.352 -38.9533 -13.7934
-53.788 -32.0472 -48.4955 -25.877
-53.6487 -26.9235 -54.5725 -31.4945
-57.7346 -17.5525 -54.293 -24.021
-60.5033 -13.776 -58.2412 -16.2996
-69.8936 -4.29819 -65.3384 -9.76199
-66.3258 0.724452 -69.4441 -1.55629
-59.646 1.78689 -63.3688 2.2009
-50.3882 -0.078445 -53.4185 2.05339
-46.4721 -24.089 -44.5816 -2.69131
-53.6487 -26.9235 -47.649 -24.8852
-65.5483 0.789254 -60.5033 -13.776
-59.0309 1.3177 -64.1993 1.49286
-50.3882 -0.078445 -58.54 1.26809
-53.6283 -26.1249 -48.5845 -1.23781
-48.5845 -1.23781 -58.2412 -16.2996
-54.293 -24.021 -48.5845 -1.23781