1000
4725.91 -118.215
4143.16 -116.891
4693.34 -114.003
4758.38 -113.455
4504.13 -112.85
4870.07 -110.93
4545.41 -112.421
4885.67 -108.685
3588.36 -116.599
4997.13 -107.443
3989.55 -113.581
4380.89 -108.778
4434.67 -107.971
4634.97 -105.746
4311.89 -107.664
4619.79 -103.087
4496.65 -103.999
3746.18 -112.512
4300.79 -105.005
4161.26 -106.772
4964.07 -93.3783
4553.2 -98.3878
4091.48 -105.408
4623.54 -94.9508
4911.06 -89.3381
4295.07 -99.2369
4402.5 -96.5717
4096.12 -102.379
4849.01 -82.7359
4568.23 -89.0343
4977.89 -78.3772
4891.05 -80.4303
4805.9 -81.5033
4789.35 -81.434
4019.59 -100.711
4248.72 -94.6531
4044.29 -99.7811
4607.08 -84.8201
4800.04 -79.6768
4145.54 -96.6845
4888.95 -76.5775
4612.85 -82.7602
4660.93 -79.6086
4223.34 -91.5483
4045.62 -95.3704
4285.23 -86.9226
4318.63 -84.8433
4888.5 -65.6936
4813.38 -67.9446
3754.18 -103.578
4028.9 -94.1835
4697.24 -71.2097
3619.91 -107.999
4948.43 -61.8848
4875.88 -62.923
4405.73 -79.3483
4880.71 -59.847
4981.0 -54.8044
4721.88 -63.6701
4794.0 -60.7417
3998.52 -91.6486
4703.1 -63.8806
4846.86 -58.0683
4625.35 -66.7253
3925.4 -93.8359
4035.57 -89.1659
4602.58 -64.3877
3465.23 -112.098
4200.51 -80.5412
4576.36 -63.9203
4784.48 -54.474
3623.22 -105.033
4917.08 -47.4539
3496.86 -110.309
4488.71 -63.1615
4239.91 -71.7702
4300.17 -67.6326
4401.67 -61.3456
4742.72 -42.7909
4612.04 -48.7328
4178.73 -71.8203
4830.7 -35.1423
4329.79 -61.5505
4769.42 -36.1584
4194.29 -68.5521
4312.72 -61.6775
3632.21 -100.468
4891.68 -28.5036
4402.04 -55.4625
4276.37 -61.995
4773.67 -32.4364
3676.73 -96.9016
4742.52 -32.5744
4785.59 -29.57
4528.27 -43.8623
4129.55 -67.8857
4732.97 -30.3024
4798.28 -26.098
4744.13 -27.6048
3797.15 -86.7067
4996.21 -6.46653
4959.19 -8.25167
4817.24 -16.5938
4110.8 -63.7227
4368.67 -45.726
3738.21 -89.1144
4963.34 -3.11662
3805.05 -84.2431
4104.37 -62.8729
4593.15 -27.1296
3772.92 -85.8223
4706.94 -18.8213
4715.33 -18.0202
4922.44 -1.56493
4479.49 -31.877
4059.42 -63.1665
3719.64 -88.4488
3461.94 -107.474
4924.61 4.64973
4844.12 -1.48296
4700.38 -11.3194
4029.1 -63.2533
4012.96 -64.1423
3944.17 -68.8134
3432.85 -109.327
4706.0 -7.92461
4036.88 -61.1283
3739.94 -84.5882
4250.04 -43.0651
4747.95 -2.61176
4213.17 -45.4427
4246.32 -41.0193
4672.19 -3.83291
4304.96 -34.6871
4684.67 -1.33548
4553.25 -12.4856
4304.41 -30.6698
4614.48 -1.82301
3925.87 -62.4877
4088.96 -47.0709
4611.68 1.44324
4363.84 -19.697
4297.35 -25.5668
3958.7 -55.2987
4550.88 4.64773
4563.69 6.58895
3929.99 -56.771
4109.05 -38.3564
4237.6 -24.6155
4312.81 -16.894
4444.31 -3.32675
4015.65 -46.1768
4421.98 -3.5186
3571.24 -92.0897
4186.93 -27.3324
4400.95 -2.25021
4371.5 -4.79835
4442.81 3.70545
3885.58 -53.6271
4091.53 -29.0416
4178.21 -18.8306
3766.62 -66.4909
4380.97 5.99602
4020.41 -34.5906
3813.93 -58.0845
4098.46 -22.9149
4129.73 -17.544
3560.98 -87.9203
4250.54 -0.287755
3696.67 -69.5702
4153.94 -9.29609
3894.49 -42.7698
3559.91 -85.7514
3970.36 -28.701
4194.98 5.35983
3562.71 -83.6961
3751.62 -56.1351
4074.63 -8.98166
4030.04 -10.3269
3918.66 -25.2869
3927.41 -23.8158
3965.93 -13.6181
4004.18 -6.838
3630.05 -67.6788
3664.88 -60.0086
3914.24 -16.8455
3982.97 -2.01265
4023.45 6.26234
3951.39 -5.90993
3837.95 -24.7275
3607.28 -65.588
3468.58 -90.8912
3618.27 -63.0345
3893.89 -4.93676
3481.76 -86.1685
3732.95 -34.9235
3552.6 -70.3671
3892.63 2.44592
3761.59 -24.7803
3908.12 6.32017
3713.79 -34.0023
3865.16 -1.50967
3797.26 -14.2915
3648.45 -45.0316
3770.14 -16.1719
3743.57 -20.1957
3790.83 1.39101
3520.83 -63.1716
3465.4 -75.7705
3419.48 -89.1953
3458.81 -75.5195
3685.23 -5.56861
3448.87 -71.1313
3553.07 -32.7399
3364.62 -101.348
3451.29 -63.9689
3401.43 -81.7173
3513.81 -29.0129
3575.74 0.103578
3470.26 -43.6702
3536.43 -9.4827
3482.25 -33.6924
3416.45 -64.0209
3484.49 -0.0989868
3474.34 4.06341
3457.15 -4.94954
3412.0 -36.7605
3362.27 -41.2317
3339.94 -79.4667
3338.92 -66.6024
3337.45 -11.0973
3328.6 -56.6884
3316.69 -51.3507
3303.26 -44.5156
3265.87 5.71398
3299.35 -74.3024
3264.79 -8.7805
3257.76 -7.223
3270.99 -36.3493
3276.14 -51.0342
3232.12 -44.7043
3211.01 -40.0861
3254.97 -74.6034
3143.95 -3.51587
3134.12 -6.43105
3189.34 -46.5776
3104.56 -6.31247
3137.32 -27.0282
3199.21 -59.687
3185.92 -54.3479
3234.85 -78.7895
3106.4 -20.3572
3163.25 -47.4787
3045.06 3.81569
3115.6 -27.6763
3162.03 -51.9557
3056.81 -14.3178
3033.82 -8.85409
3194.76 -70.6361
3250.4 -92.5287
3026.4 -20.8687
3060.52 -34.0223
2923.33 5.75469
3036.58 -32.9843
2955.17 -9.33878
2927.84 -5.30654
3018.81 -35.6211
2973.16 -23.2783
2883.6 0.118079
3227.79 -93.381
2869.58 -0.397626
3065.06 -57.769
2793.54 3.90033
3019.28 -50.4166
2696.29 5.17537
3020.16 -59.6202
3011.43 -60.2223
2766.37 -15.5587
2755.89 -15.1033
3021.7 -64.4234
2776.19 -24.6572
2602.0 4.05069
2806.35 -31.6037
3022.17 -68.3056
2936.95 -55.2369
2762.55 -26.7396
3192.74 -97.8489
2868.62 -46.5036
2820.05 -39.3418
3273.37 -110.824
2522.63 3.45852
2791.96 -39.3378
2892.34 -55.5826
2961.64 -66.2241
2748.29 -37.1862
2601.73 -17.1251
2962.35 -68.7955
3008.53 -75.3699
3186.11 -100.204
2522.9 -11.7919
2537.52 -20.0367
2344.2 1.02645
2946.47 -72.9036
2492.09 -18.7305
2284.44 5.01816
2400.85 -9.27031
2655.93 -42.0894
2369.51 -10.4191
2307.74 -10.1075
3056.31 -90.1455
2373.43 -18.015
2883.8 -72.243
3016.18 -86.4795
2815.44 -68.9582
2616.11 -49.9447
2756.85 -63.8871
2801.24 -68.3307
2728.35 -61.6295
2011.88 5.51304
2705.06 -60.5374
1988.86 3.08786
2001.63 -0.023458
2188.39 -17.7525
2391.67 -36.1851
1899.69 6.34285
2748.54 -68.1996
1884.04 7.03445
3154.78 -104.085
2118.43 -16.2973
1856.7 5.71198
2550.21 -53.3754
2408.44 -43.3242
2779.23 -73.8672
1931.07 -4.97955
2632.29 -62.7458
2363.24 -41.5141
2876.92 -83.1535
1768.05 3.70781
1923.54 -9.56807
2691.16 -70.3916
2716.06 -72.2928
2250.51 -37.9207
1852.33 -8.33525
3002.94 -94.479
2014.89 -21.0461
1788.48 -4.88821
2549.55 -63.002
2449.66 -55.9676
1600.97 2.73665
2007.01 -25.9004
2183.13 -38.4631
2901.96 -89.1142
2625.32 -70.844
1851.39 -18.3478
1790.15 -14.9797
1911.91 -23.3147
1624.05 -5.12236
1768.33 -14.7555
2237.34 -46.0852
2389.53 -57.3091
1608.01 -7.75139
1803.09 -20.6052
2024.28 -35.3012
1848.86 -25.5386
1541.17 -7.27969
1711.49 -18.1161
2288.11 -54.8595
2587.13 -73.2367
2445.63 -66.3317
1642.27 -20.5635
1967.07 -39.4781
1287.31 -0.753966
1380.72 -6.7538
2221.17 -55.1622
2203.32 -54.5544
1600.86 -20.5037
1498.7 -14.9632
1207.85 1.46922
1162.42 3.80396
2985.08 -99.3968
1472.62 -14.9386
2625.31 -80.1913
3140.18 -108.432
1815.31 -37.8885
1152.95 -3.1364
1818.83 -38.661
2406.19 -70.0446
1191.82 -6.19695
1489.01 -22.0112
943.716 6.03897
2911.53 -97.1679
2511.47 -76.671
2303.62 -66.0102
1504.38 -25.1925
2285.97 -65.5727
2617.08 -82.538
1123.66 -7.55975
1117.96 -7.84754
1701.22 -37.1257
1731.18 -40.8072
2183.0 -63.2896
1180.96 -14.8931
2160.83 -62.6629
1142.28 -14.047
1708.96 -41.369
1437.82 -28.6416
989.428 -7.69634
2627.08 -85.4298
1782.42 -46.0291
1160.23 -18.1857
1128.83 -17.8496
1704.28 -44.5664
1821.0 -50.6021
1693.42 -45.8575
1458.45 -35.8174
626.425 -0.00492763
847.049 -10.0054
1048.25 -18.9402
1475.91 -37.8221
706.025 -5.64625
1766.07 -51.6008
2189.61 -69.9488
2206.97 -70.8104
992.459 -19.3056
434.81 4.25851
1234.37 -30.9607
515.191 -1.67759
1102.45 -26.2718
1810.84 -56.1954
2163.34 -70.7183
1662.53 -50.2153
748.325 -12.8188
620.616 -7.94495
564.836 -6.19269
921.519 -21.1415
2233.25 -74.2407
1638.96 -50.3322
2180.61 -72.3168
627.927 -10.2088
1347.42 -39.1978
1692.58 -53.2145
288.637 2.87337
1388.29 -41.5719
1116.93 -31.2762
251.965 2.78543
326.824 -1.02342
122.316 5.92662
292.491 -1.30488
506.752 -10.3611
2322.98 -80.127
1331.33 -42.4433
2444.98 -85.0349
1215.72 -38.6274
398.677 -7.83936
322.17 -6.14001
1291.84 -42.7748
2363.86 -82.706
323.663 -7.12715
1715.03 -59.2837
539.973 -16.2226
2061.34 -72.1781
427.722 -12.5773
1792.65 -62.6708
1155.83 -39.7709
2513.89 -89.6356
766.413 -27.6717
363.391 -13.545
1668.87 -60.3836
489.74 -19.8524
1017.29 -38.3633
1328.87 -49.1776
725.768 -28.8826
1363.58 -51.0744
1923.53 -71.0058
1484.31 -56.3722
825.41 -34.22
1552.19 -60.1942
1125.89 -46.7075
1557.15 -61.2139
1908.11 -72.9571
2057.77 -78.1348
2651.98 -97.0205
2535.76 -93.5659
1151.47 -50.1163
1493.73 -61.6814
779.942 -39.8521
1488.36 -62.3039
1676.79 -68.0755
1818.55 -73.0139
1184.52 -55.8193
1859.0 -77.4868
1270.99 -61.8853
693.623 -46.4757
1665.77 -73.4983
1628.22 -72.5267
2385.99 -93.2645
1812.74 -78.0646
1721.57 -75.6894
2006.17 -83.5315
1893.31 -80.6494
1098.19 -59.8132
1229.56 -64.1472
1714.23 -76.8947
2557.81 -98.6461
1152.81 -62.7975
1844.01 -80.5885
2679.93 -101.921
1197.19 -65.003
893.246 -57.4544
1878.61 -82.3608
1658.12 -78.3231
2077.84 -88.7596
1275.31 -71.0127
1804.58 -83.5637
1183.04 -69.6953
1374.25 -74.2695
2273.29 -94.608
1494.43 -77.0527
963.375 -65.7522
1504.88 -77.9301
2190.1 -94.0376
1594.97 -83.1274
1477.28 -82.0426
1384.29 -81.5115
1317.19 -81.6132
2077.31 -98.1452
2842.71 -110.631
1301.51 -86.5731
2160.3 -100.543
1451.25 -91.3181
1319.65 -89.5777
1466.66 -92.8307
2063.68 -101.56
1779.43 -97.922
2701.42 -110.217
3039.75 -114.697
1965.21 -101.349
1765.51 -99.5011
1728.81 -99.966
1403.29 -96.3558
1592.92 -100.593
1408.65 -100.521
1503.37 -104.668
2953.55 -115.547
2757.99 -114.111
1583.69 -106.965
1843.42 -109.727
2549.1 -113.854
1832.46 -110.601
1738.36 -110.201
1544.19 -110.084
2504.74 -114.501
1910.56 -111.78
1554.05 -110.704
1719.23 -112.253
2239.54 -115.372
2296.91 -115.86
2738.59 -117.512
1863.75 -117.947
2139.34 -119.945
2246.78 -119.839
2241.29 -120.029
2487.2 -120.181
2580.51 -120.373
2160.59 -122.163
2236.97 -122.784
1883.35 -124.365
1776.9 -125.08
2017.76 -124.544
1863.27 -125.559
2071.45 -125.082
2023.21 -125.914
1810.63 -127.49
2238.46 -125.318
1922.28 -128.382
2389.3 -127.054
2548.76 -126.691
2735.88 -124.842
1991.21 -133.384
2305.47 -129.927
1929.33 -140.282
2556.95 -131.029
2811.97 -126.956
2492.87 -132.749
2773.91 -128.105
2920.08 -126.063
2273.57 -138.831
2112.64 -143.415
2933.47 -126.935
2565.32 -135.211
3221.86 -120.652
2255.0 -145.77
2292.82 -145.18
2515.0 -139.673
2273.56 -146.879
2729.51 -134.805
2989.33 -128.607
2531.28 -143.843
2245.49 -154.174
3100.36 -125.716
2923.07 -131.757
2611.61 -143.355
3018.53 -129.303
2328.59 -154.717
2528.07 -147.84
2348.89 -155.222
2219.74 -160.567
2228.4 -161.975
2345.67 -157.691
2285.95 -160.213
2590.86 -148.904
2873.47 -137.141
2752.29 -146.07
2759.92 -146.316
2438.12 -169.278
3282.85 -120.449
3121.3 -129.928
2510.73 -166.799
2424.91 -173.014
2948.62 -141.233
2406.15 -179.713
3195.47 -126.858
2902.41 -148.11
2557.09 -173.413
2500.27 -178.852
2482.87 -182.882
2620.69 -173.142
2918.74 -152.04
2935.69 -150.623
3117.95 -137.572
2875.01 -162.366
2817.17 -170.83
2605.52 -193.775
2721.59 -181.901
2731.99 -184.591
3047.16 -149.487
2986.25 -156.464
3027.98 -151.754
2855.68 -171.818
2761.22 -187.336
3035.21 -158.45
2954.83 -171.038
3061.72 -155.782
2800.8 -201.156
2882.48 -189.03
2811.42 -200.918
3279.76 -125.038
2815.84 -209.043
3143.97 -150.113
3179.8 -144.664
2843.84 -208.177
2944.22 -191.521
3098.41 -164.753
2961.6 -196.267
3175.1 -150.557
3138.02 -159.604
3173.2 -152.044
3183.72 -149.745
3191.92 -149.127
2964.71 -203.97
3074.6 -179.042
3103.87 -179.071
3000.1 -215.049
3005.91 -215.36
3068.47 -196.093
3025.67 -214.187
3180.23 -165.746
3049.8 -210.607
3151.14 -177.35
3123.27 -191.585
3058.51 -225.649
3162.74 -183.003
3154.16 -188.305
3220.68 -163.51
3191.56 -191.235
3263.11 -154.778
3272.12 -160.265
3198.37 -226.331
3217.39 -240.9
3298.24 -167.795
3281.27 -213.844
3278.82 -233.394
3304.11 -232.151
3309.65 -229.575
3329.06 -223.421
3326.89 -175.224
3335.88 -247.832
3337.34 -200.971
3345.53 -227.87
3332.13 -163.559
3345.4 -205.166
3344.92 -201.775
3379.94 -245.592
3359.61 -179.496
3366.01 -186.174
3387.07 -216.763
3414.21 -244.008
3438.88 -255.389
3364.07 -164.081
3425.53 -225.774
3450.67 -246.627
3383.42 -178.908
3423.94 -216.646
3421.55 -200.41
3418.8 -197.819
3362.01 -149.152
3491.9 -244.396
3455.4 -210.442
3405.44 -176.261
3340.66 -131.994
3425.2 -189.376
3546.15 -267.31
3438.73 -190.345
3576.5 -258.141
3447.25 -187.057
3614.14 -266.613
3676.95 -274.266
3583.72 -232.198
3644.84 -254.238
3648.2 -253.858
3639.85 -242.49
3494.0 -181.89
3634.53 -230.817
3799.18 -288.125
3733.46 -254.91
3821.08 -281.721
3755.21 -259.894
3651.62 -224.797
3504.16 -175.949
3736.19 -247.702
3649.36 -220.012
3903.89 -290.643
3626.46 -208.06
3427.25 -149.437
3948.64 -298.655
3518.33 -174.967
3838.05 -266.536
3609.1 -198.232
3702.21 -219.913
3858.54 -260.611
3663.69 -206.113
4005.18 -293.118
3985.21 -283.943
3999.05 -281.515
4066.79 -295.519
4106.23 -295.484
3533.13 -165.96
3826.57 -231.795
3925.68 -252.267
3922.93 -251.275
3714.24 -203.983
4064.95 -280.308
3993.47 -262.558
4152.17 -296.569
4265.13 -319.241
4230.17 -306.261
3602.05 -175.242
3889.55 -233.19
3766.81 -205.465
3911.14 -232.9
3768.24 -204.908
3569.32 -166.242
3960.79 -238.745
4189.54 -281.151
4113.57 -265.312
3936.98 -230.327
3875.96 -219.031
4598.78 -346.347
4498.57 -327.479
4006.81 -240.074
4611.96 -346.544
3895.51 -219.747
4062.82 -248.031
4490.59 -320.044
4418.66 -303.017
4762.99 -360.808
4152.16 -257.927
4472.53 -307.525
4532.33 -315.929
4624.94 -330.675
4193.02 -259.075
4770.41 -349.413
3843.81 -201.441
3827.21 -198.639
4788.61 -351.152
4899.85 -368.319
4257.22 -266.458
4573.71 -315.212
4693.69 -333.762
4932.52 -369.869
3930.63 -213.261
4928.54 -366.936
4651.2 -321.392
4579.1 -308.741
4276.46 -262.757
4690.36 -324.38
4357.23 -273.838
4780.58 -336.159
4963.65 -363.398
4896.13 -352.236
3905.06 -203.84
4001.8 -217.738
4822.8 -335.067
4900.53 -345.871
4825.02 -334.582
4931.73 -349.186
4821.72 -332.971
3589.51 -156.714
3926.73 -204.302
4887.4 -340.544
3865.19 -195.101
3913.28 -201.804
3777.26 -182.558
4847.38 -332.97
4124.82 -230.488
4915.27 -339.867
4643.48 -300.128
4656.04 -301.833
4046.88 -217.37
4758.1 -313.26
4918.1 -333.427
4876.79 -325.004
4826.89 -317.111
4581.51 -284.118
4000.64 -207.113
4305.02 -244.183
4695.92 -293.465
4641.79 -284.718
4387.36 -252.496
4967.25 -322.508
4801.73 -300.826
4577.49 -272.353
4942.77 -312.733
4735.25 -287.823
4948.9 -312.965
4646.43 -275.573
4597.77 -267.739
4581.93 -257.285
4605.34 -258.856
4113.94 -204.689
4625.3 -259.132
4754.66 -272.659
4631.45 -259.14
4476.56 -241.208
4674.92 -262.189
4963.94 -292.778
4907.03 -286.355
4144.21 -205.195
4523.26 -241.892
4012.98 -189.243
4869.21 -276.248
4637.27 -251.853
3917.29 -178.549
4162.6 -202.812
4382.96 -224.615
3734.57 -159.702
4962.09 -282.393
4512.01 -237.245
4234.48 -209.07
4664.04 -251.62
4955.11 -280.408
4755.06 -258.202
4780.75 -259.286
4031.23 -186.628
4932.37 -270.428
4804.67 -258.341
3965.8 -179.017
4287.12 -209.107
4399.07 -219.121
4734.06 -250.375
4553.57 -233.477
4895.67 -265.232
3734.45 -156.808
4172.62 -197.167
4517.99 -228.929
4426.25 -219.282
4361.55 -213.232
4811.66 -254.137
3867.46 -167.466
4913.15 -260.51
4500.29 -222.286
4026.44 -180.136
4556.12 -225.537
3670.63 -148.54
4319.14 -202.403
3992.0 -174.204
4396.24 -206.168
4939.23 -249.75
4111.23 -181.794
3956.29 -169.304
4869.91 -241.689
3951.29 -168.41
4875.52 -239.882
4009.57 -170.547
4120.49 -175.647
4990.97 -237.962
3724.21 -147.008
4044.2 -169.569
4850.49 -224.934
4493.09 -198.971
4874.76 -224.739
4782.02 -215.394
4609.23 -203.257
4419.19 -189.711
4513.85 -195.066
4555.4 -197.219
4460.06 -190.676
4600.96 -198.445
4736.06 -205.361
4826.04 -210.132
4096.38 -164.644
4804.47 -206.626
3703.32 -140.827
4753.87 -201.923
4093.65 -162.945
4242.86 -171.419
4260.3 -172.076
3930.11 -152.567
4898.73 -204.898
4976.49 -209.033
4734.13 -195.7
4139.42 -163.096
4546.57 -185.37
4789.3 -197.306
3935.11 -150.872
4003.44 -154.131
3773.31 -142.002
4582.44 -183.164
4576.66 -182.831
4721.72 -188.658
4467.93 -175.661
4981.78 -200.901
4067.21 -155.21
4528.58 -177.921
4776.21 -189.728
4124.27 -157.552
4191.63 -160.048
4209.55 -160.893
3953.61 -147.117
4242.41 -159.9
4726.51 -181.559
4809.74 -184.321
3611.68 -131.082
4871.31 -186.244
4095.5 -151.693
4273.04 -159.354
3863.32 -141.661
4253.48 -157.867
3991.67 -146.635
3983.45 -146.182
4663.27 -174.512
3637.77 -130.848
4215.72 -153.082
4805.25 -176.002
4028.57 -145.551
4904.24 -178.701
4970.64 -179.324
4028.68 -143.632
4104.89 -146.035
4915.11 -174.219
4295.3 -151.938
4247.91 -147.485
4992.04 -169.944
4622.38 -158.035
4939.11 -164.673
4005.85 -137.058
4919.66 -161.045
4807.13 -155.583
4940.53 -158.247
4736.4 -152.874
4315.5 -141.094
4439.74 -143.889
4540.22 -145.387
4682.5 -148.45
3876.17 -130.401
4773.0 -149.524
4039.35 -132.324
4632.19 -143.857
4790.97 -143.592
4736.96 -141.359
4824.76 -141.772
3869.89 -126.409
4983.01 -142.196
4976.37 -141.764
3963.16 -126.199
4458.76 -129.226
3716.76 -122.05
4212.5 -126.531
4741.71 -130.577
4882.34 -130.64
4061.73 -124.026
3878.27 -122.03
4327.16 -124.661
4138.31 -121.625
4401.78 -121.299
4325.73 -120.751
4435.67 -120.441
4628.31 -120.58
4476.31 -119.244
4869.94 -118.826
